>MA0066.1	PPARG
A  [     3      3     19      0      1      0      2     26      5      5      4      1      2     22      1      0      3     22      5      7 ]
C  [     8      0      0      1      0      1     23      1     15      7      2      0      5      5     27     25     12      5     12      0 ]
G  [    14      0      9     27     26      4      3      0      4     10     18      2     20      0      0      0      0      0      6      1 ]
T  [     3     25      0      0      1     23      0      1      4      6      4     25      1      1      0      3     13      1      5     20 ]
>MA1118.1	SIX1
A  [    96    400   1049   1076     43    112     51     48   1070    146    546 ]
C  [    43     77     18      8    959    871     46      9      7    179    360 ]
G  [   859     90      6     10     12     31     30   1025     11    289     73 ]
T  [   110    541     35     14     94     94    981     26     20    494    129 ]
>MA0914.1	ISL2
A  [  1585    160   5631   3161    218    278   5631   5631 ]
C  [  2616   5631    162   5631    130    718    206   1231 ]
G  [  5631    126    134    171    169     13     59   3258 ]
T  [  1102   1019    248    398   5631   5631   1354   1508 ]
>MA0638.1	CREB3
A  [    79     32     20     92      7    305      0      3      1     10    300      7     65    119 ]
C  [    78     78      0    207    241      0    245      0      1    245      2    115    210     50 ]
G  [   107     75    390      2     16      0      0    447      0      8     12     28     35     98 ]
T  [    50    284    129     20      7      1      0      2    376      4      6    161     59     43 ]
>MA0896.1	Hmx1
A  [    34     17     36     69     13      1     87     88      0      2     95     88     25     14     38     33     18 ]
C  [    29     43     29      6      8     95      0     11      0      6      0      1     15     22     29     13     20 ]
G  [    24     27     26     16     72      0     12      0      0      0      1      4     17     50     28     24     22 ]
T  [    13     13      9      9      7      4      1      1     99     93      3      6     43     13      4     31     40 ]
>MA0728.1	Nr2f6(var.2)
A  [   100    265      0      1      0      0    494    406    165    258      0      0      2      0    446 ]
C  [    16      0      0      0      0    667     30      4      0      0      0      0      0    678      0 ]
G  [   172     53    210    183      1      1      0      7     94      0    324    155      0      0      9 ]
T  [     0      3      0      0    378     51      1      9     59      0      0      5    369      3      0 ]
>MA0095.2	YY1
A  [  1126   6975   6741   2506   7171      0     11     13    812    867    899   1332 ]
C  [  4583      0     99   1117      0     12      0      0   5637   1681    875   4568 ]
G  [   801    181    268   3282      0      0   7160   7158     38   2765   4655    391 ]
T  [   661     15     63    266      0   7159      0      0    684   1858    742    880 ]
>MA0059.1	MAX::MYC
A  [     7     15      2      1     21      0      1      0      0      1      3 ]
C  [     1      1      9     20      0     20      0      1      0      1      5 ]
G  [     9      4      9      0      0      0     20      0     21     18      0 ]
T  [     4      1      1      0      0      1      0     20      0      1     13 ]
>MA1114.1	PBX3
A  [  1595   1510   1320    596    228   6426    335    247    146   6164    150   6091    369    884   1251   1869   1495 ]
C  [  1711   1724   1849    225    227    125    788    199    242    108   6524    129    412   1377   2654   1619   1801 ]
G  [  2192   1934   1928    503   6406    214   4929    285   6550    604    209    425   5691   4077   1591   2068   2217 ]
T  [  1523   1853   1924   5697    160    256    969   6290     83    145    138    376    549    683   1525   1465   1508 ]
>MA0077.1	SOX9
A  [     3      8     71      2      7      2     13      9     14 ]
C  [    55     38      1      1      0      2      0      7     31 ]
G  [     9      6      0      2      4     72      4      6      7 ]
T  [     9     24      4     71     65      0     59     54     24 ]
>MA0509.1	Rfx1
A  [   290     58    145    421     37      0   1254    138    604    186    287   1793   2082      0 ]
C  [   157    222    833    433   1748   2048    402    115      0      0   1710      0      0   2138 ]
G  [  1532    377    131    762     96      0     73     96   1534   1952     12    244     56      0 ]
T  [   159   1481   1029    522    257     90    409   1789      0      0    129    101      0      0 ]
>MA0502.1	NFYB
A  [  2965   2816   2821    655    674   2832   3509      0      0   7020   7003      0    413   5454    725 ]
C  [  1580   1759   1760   2228   2076   1091    139   7020   7020      0      0      0   4780     97    943 ]
G  [  1984   1078   1176   1089   2707   2978   2921      0      0      0     17      0   1709   1457   5136 ]
T  [   491   1367   1263   3048   1563    119    451      0      0      0      0   7020    118     12    216 ]
>MA0501.1	MAF::NFE2
A  [   726      0      0   1090     16    110     80    978      8      0    931    383    361    292    211 ]
C  [    26      0      0      0    871      1    937      0      4   1063     17    203    100    102    283 ]
G  [   334      0   1082      0    166     12     22     51   1041     22     73    283    130     91    106 ]
T  [     4   1090      8      0     37    967     51     61     37      5     69    221    499    605    490 ]
>MA0081.1	SPIB
A  [    31      4     24      2      1     48     47 ]
C  [     0     14     16      0      0      0      0 ]
G  [     0     29      7     47     47      0      0 ]
T  [    18      2      2      0      1      1      2 ]
>MA0492.1	JUND(var.2)
A  [ 11448  13436  11261  13616  25347      0      0  33631      0   5124      0   8793  33631    267  10255 ]
C  [  4326   3228   4836   2452    169      0      0      0  10406   1824   3935  24697      0   5470  10841 ]
G  [  7996   8721   8110  15761   8115      0  33511      0   8287  26683      0    141      0   2407   6351 ]
T  [  9861   8246   9424   1802      0  33631    120      0  14938      0  29696      0      0  25487   6184 ]
>MA0749.1	ZBED1
A  [  1153    441   3841      6      0    127      4      4   5326      6   5276    118   3123 ]
C  [  2613     22     15      8   5373      3   5357      4      9   4330     11    273    270 ]
G  [   591     56   2065      0      6   5979      0   6013     12      0     10    635   1876 ]
T  [   711   5321      8   5510     18      2    110      0      0    865    144   5055    608 ]
>MA0465.1	CDX2
A  [   613    665    308      0    697   1597      0   1597   1597   1597   1013 ]
C  [   319      8    136   1048    832      0      0      0      0      0    150 ]
G  [   480    502   1153      0      0      0      0      0      0      0    313 ]
T  [   185    422      0    549     68      0   1597      0      0      0    121 ]
>MA0068.2	PAX4
A  [    37     58    333    333      0     18    333    150 ]
C  [   333     30      2      0      0     11     89     93 ]
G  [    47    120      0      0      5     10     11    333 ]
T  [   105    333      3      0    333    333     12     41 ]
>MA0523.1	TCF7L2
A  [  1525   1808   3070     85   2795    138    155   4188   4103   4169    303   1035   1398   1782 ]
C  [   756    840    136   1947     26      0   3304      0     15      0     37    849   1123    826 ]
G  [  1140   1153    559   2008      0      0    729      0     70     19   3848   2008   1210    757 ]
T  [   767    387    423    148   1367   4050      0      0      0      0      0    296    457    823 ]
>MA0146.2	Zfx
A  [    50     59     91     72     10      6     30    191      8      0      0      0      0     84 ]
C  [   178    170    151     49    297    361    124    153      2      3    481    480      1    122 ]
G  [   179    173    199    297    144      2    183    122    470    477      0      0      0    218 ]
T  [    70     75     37     61     30    112    144     15      1      1      0      1    480     56 ]
>MA0051.1	IRF2
A  [     0      2     12     11     12      2      0      0     12     12     12      0      0      5      6      6      5      3 ]
C  [     4      0      0      0      0      0      6      0      0      0      0      6      7      2      0      1      2      6 ]
G  [     7     10      0      0      0     10      0     12      0      0      0      6      2      3      2      1      1      1 ]
T  [     1      0      0      1      0      0      6      0      0      0      0      0      3      2      4      4      4      2 ]
>MA0057.1	MZF1(var.2)
A  [     1      2     15      0      0      0      0      3     10      8 ]
C  [     4      0      1      0      0      2      0      1      0      2 ]
G  [     7      7      0     11     15     14     14      8      4      4 ]
T  [     4      7      0      5      1      0      2      4      2      2 ]
>MA0004.1	Arnt
A  [     4     19      0      0      0      0 ]
C  [    16      0     20      0      0      0 ]
G  [     0      1      0     20      0     20 ]
T  [     0      0      0      0     20      0 ]
>MA0160.1	NR4A2
A  [     8     13      0      3      2      0     14      3 ]
C  [     1      0      0      0      2     13      0      8 ]
G  [     3      1     13     11      0      0      0      2 ]
T  [     1      0      1      0     10      1      0      0 ]
>MA0519.1	Stat5a::Stat5b
A  [  6172   2073      0      0      0    263   7044  11543      0  14888  14886 ]
C  [  2326   3596      0   1600  16341  12795   6137      0      0     93      0 ]
G  [  4425   2901      0      0      0      0      0   4140  16507      0   1621 ]
T  [  3584   7937  16507  14907    166   3449   3326    824      0   1526      0 ]
>MA0149.1	EWSR1-FLI1
A  [     0      2    104    104      1      2    103    102      0      0     99    105      0      0    100    102      5      3 ]
C  [     0      0      0      0      0      0      0      0      0      2      4      0      0      2      3      0      0      3 ]
G  [   105    103      1      1    104    102      2      3    104    103      2      0    105    103      0      2     97     97 ]
T  [     0      0      0      0      0      1      0      0      1      0      0      0      0      0      2      1      3      2 ]
>MA0006.1	Ahr::Arnt
A  [     3      0      0      0      0      0 ]
C  [     8      0     23      0      0      0 ]
G  [     2     23      0     23      0     24 ]
T  [    11      1      1      1     24      0 ]
>MA0845.1	FOXB1
A  [  2393   5343   1983   1159    180   4891   6841   6841     28   6841   1704 ]
C  [   272    263    218     54    240   1950    213     47   2252      0    573 ]
G  [   190   1498    409   6841    113     75      0     47    104    157    556 ]
T  [  4448    561   4858    124   6841     73    381    216   4589    147   4008 ]
>MA0080.4	SPI1
A  [  3946   4976   5053   5044   4868     49   1793     29      0   5105   5122      0     21   2535 ]
C  [   555     26      2      0      4    246   4068      1      1      2      1    184     69    288 ]
G  [  1142    377      8      0     15   5255    727   5300   5330      0      1   5246     12    733 ]
T  [   476     82     30     99    524      2      1      2      0      1      5      1   4962   1439 ]
>MA0084.1	SRY
A  [     5      8     15     18     25      0     28     27      7 ]
C  [     5      3      0      3      0     26      0      0      0 ]
G  [    10      4      3      3      0      0      0      1      2 ]
T  [     8     13     10      4      3      2      0      0     19 ]
>MA0503.1	Nkx2-5(var.2)
A  [  1790   1282    344      0   2467      0      0      0   2858   2265    502 ]
C  [   327    192   1777   3429      6   3429      0   3391    431      3    956 ]
G  [   821   1467   1292      0      0      0      0      0      0    825   1795 ]
T  [   491    488     16      0    956      0   3429     38    140    336    176 ]
>MA0467.1	Crx
A  [  1207   1454    347    943    515      0   1632      0      0   1995    544 ]
C  [   297     43     55    222      0      0    465      0     29      0     52 ]
G  [   458    417   1470    823   1574   2097      0      0      0      0   1326 ]
T  [   135    183    225    109      8      0      0   2097   2068    102    175 ]
>MA0672.1	NKX2-3
A  [  3572   2025     38   9278      8      0      0   4241   9278   3170 ]
C  [  2182   9278   9278     98   9278      0    939   1451    917   2754 ]
G  [  1989   4499      0     16      0     18      0   5037   1831   2788 ]
T  [  1535    140    132    250      0   9278   9278    343   2437    566 ]
>MA1099.1	Hes1
A  [   187    209     40    743     29    165    116     58    226    217 ]
C  [   258    299    875     33    833     41    470    113    302    384 ]
G  [   377    396     14    141     56    769     67    661    151    198 ]
T  [   178     96     71     82     82     26    348    168    321    200 ]
>MA0142.1	Pou5f1::Sox2
A  [    63    579     11     47    118    415    206   1235     17     10     14   1050    887   1200    198 ]
C  [   846     58     50     12    363     18    365     30      5     16   1029     16     68     33    119 ]
G  [    66     28     36     79    825     29    186     24     15   1239    129     30    315     75    207 ]
T  [   389    701   1270   1231     63    907    612     80   1332    104    196    269     92     53    837 ]
>MA0863.1	MTF1
A  [     1      3      1      2      1     53      2     52      0      1      9      0     46      2 ]
C  [     0      5      1      1     71      0     69      3     67      0      2     63     10     62 ]
G  [     4     10      0     66      0      1      2      1      0     70     42      0      7      1 ]
T  [    50     40     53      0      0      1      0      1      0      1     10      8      2      3 ]
>MA0078.1	Sox17
A  [     7      8      3     30      0      0      0      0      0 ]
C  [     9      8     18      0      1      0      0      0     17 ]
G  [     6      4      1      0      0      0     31      2     10 ]
T  [     9     11      9      1     30     31      0     29      4 ]
>MA0657.1	KLF13
A  [  1508    733   1891    496     75   2384      0     24      0      4      1    509      3    156    247    735    404    285 ]
C  [   248     46      0    923    924      0   1353      2   1596   1469   1760   1766    638    350    235    554    176    221 ]
G  [   915    796   4630     58      2     11      7   3028      0      0      0      0      3     54    270    841    483   1226 ]
T  [   590   1766     59    102     61      0      3      9      7      0     16     10   1403   2040   2968   2247   1672    560 ]
>MA0163.1	PLAG1
A  [     0      3      0      0      0      0      4     12     11      2      0      0      0      2 ]
C  [     0      0      0      0     14     15     10      0      5      0      0      0      0      0 ]
G  [    18     14     18     17      4      1      1      0      2     14     18     18     16     16 ]
T  [     0      1      0      1      0      2      3      6      0      2      0      0      2      0 ]
>MA0494.1	Nr1h3::Rxra
A  [     0    140    738    246     58     78    358    374    794    278     77    559    900    255    117     11    135    281    237 ]
C  [    50     30    243    971   1080    313    318    257      0     19      0     77    177    962   1040    502    508    196    290 ]
G  [    28   1089    137      0      3    128    343    336    321    903      4    440    192     20      0     42    196    333    439 ]
T  [  1191     10    151     52    128    750    250    302    154     69   1188    193      0     32    112    714    430    459    303 ]
>MA0647.1	GRHL1
A  [  1345   2491   2491   2491      0    371    332      0     76    127    761    685 ]
C  [   472    109      3      1   2491   2491     52      1      4    186    537    289 ]
G  [   247    409    112      7      0     51   2491   2491      2     12    244    655 ]
T  [   427    418     62     28      0    221    200      0   2491   2491   2491    862 ]
>MA0152.1	NFATC2
A  [     3      1      1      0      1      0     18 ]
C  [     1      2      1      0     25     26      3 ]
G  [     2      2      0      0      0      0      1 ]
T  [    20     21     24     26      0      0      4 ]
>MA0743.1	SCRT1
A  [   472    452     30      7   1046   1071      1   1075    190      0      0    154    139    187    269 ]
C  [   167    203     40   1447     35      0   1501      0      3      0      3     42    217    302    317 ]
G  [   574     89   1400      3      0      0      0      0   1461   1629      2   1302   1034    298    118 ]
T  [   111    410    519     20     24      0      0      0      5      2   1136    255    502    467    524 ]
>MA0515.1	Sox6
A  [     4      0    161      0      0      0      0      0      4     14 ]
C  [   139    221      0      0      0      0      0    115    112     76 ]
G  [    50      0      0      0      0    249      0      5      0     31 ]
T  [    56     28     88    249    249      0    249    129    133    128 ]
>MA0125.1	Nobox
A  [     0     36     38      1      2     15      4      2 ]
C  [     1      0      0      1      0      0     12     13 ]
G  [     0      0      0      2      4     22     18      6 ]
T  [    37      2      0     34     32      1      4     17 ]
>MA0776.1	MYBL1
A  [  1591    347    258     49      9     10   2209   2209     14    164    493    332 ]
C  [    25   2209   2209      7     26      8      0     18   2209   1733    362    765 ]
G  [   391    122    266   2209      0      0     12     24      1   2209   2209     40 ]
T  [   201    112      0      4   2209   2209     14      0     12    945    888   1072 ]
>MA0091.1	TAL1::TCF3
A  [    13      9     39     20      0     44      0     12      0      0      0      4 ]
C  [    14     10      0     24     43      0      1     32      0      0      3      4 ]
G  [     8     20      3      0      1      0     11      0      0     43     20      2 ]
T  [     9      5      2      0      0      0     32      0     44      1     21     34 ]
>MA0868.1	SOX8
A  [   460    460      1    460    460      0    162      1     30      0    460      1      0      0      1      0 ]
C  [     0      0    460      0      1      0      7      0     41    460      0      0      0      0      0      4 ]
G  [     0      0      0      2      1      1    298      0    371      2      0    460      1    460      0      0 ]
T  [     7      0      0      0      1    460     37    460     89      2      0      2    460      0    460    460 ]
>MA0092.1	Hand1::Tcf3
A  [     4     10      2      0      0      0      0      9     16      5 ]
C  [     8      0      2     28      0      0      3     14      0      4 ]
G  [    10     15      1      0      0     29     25      1      3      4 ]
T  [     7      4     24      1     29      0      1      5     10     16 ]
>MA0105.4	NFKB1
A  [  8441      9      0      4    229  12004   7003     22     17    497      4      6   1231 ]
C  [  2013      0      3      0      3     62     18   1311   9574   9536   9591   9642   1293 ]
G  [   990  19047  19177  19167  19458    821     32    116      4      1      1      2   3348 ]
T  [   818      5      2    318     27     27   6744  14372    130      3      2      8   9386 ]
>MA0108.2	TBP
A  [    61     16    352      3    354    268    360    222    155     56     83     82     82     68     77 ]
C  [   145     46      0     10      0      0      3      2     44    135    147    127    118    107    101 ]
G  [   152     18      2      2      5      0     20     44    157    150    128    128    128    139    140 ]
T  [    31    309     35    374     30    121      6    121     33     48     31     52     61     75     71 ]
>MA0065.2	Pparg::Rxra
A  [    94    101    390    100    139    145     71    819    522    713     82     41     22     54    676 ]
C  [   317    166     23      3     15    129    547     21     48      5      2      9     99    555     58 ]
G  [   320    127    368    671    674    395    179     15    270    137    767    693    263    144     47 ]
T  [   126    464     79     87     34    193     66      8     23      9     12    120    479    109     81 ]
>MA0101.1	REL
A  [     0      0      1      5      6      5      1      2      0      1 ]
C  [     5      1      0      1      5      1      0      0     15     16 ]
G  [     8     15     15      9      3      1      0      0      0      0 ]
T  [     4      1      1      2      3     10     16     15      2      0 ]
>MA0063.1	Nkx2-5
A  [     7      0     17     17      0      4      2 ]
C  [     0      4      0      0      0      2      1 ]
G  [     1      0      0      0      7      0     11 ]
T  [     9     13      0      0     10     11      3 ]
>MA0520.1	Stat6
A  [   257    665    152      0     13    122     70    664    328   1153     26   1852   1849    621    345 ]
C  [   663    328    566      0      0   1680   1204     21    534      3      0      0      0    540    490 ]
G  [   482    372    436      0      0      0      0    219    898    416   1796      0      3    398    235 ]
T  [   450    487    698   1852   1839     50    578    948     92    280     30      0      0    293    782 ]
>MA0505.1	Nr5a2
A  [   645    985    276    122     71      8   1685   1679     39      0    169      0   1437    271    249 ]
C  [   224    170    198    378    351   1616     14      0      0      0    584   1568     20    345    693 ]
G  [   634    336    990    366     23     74      0     23   1663   1702     61     12     90    740    454 ]
T  [   199    211    238    836   1257      4      3      0      0      0    888    122    155    346    306 ]
>MA0616.1	Hes2
A  [   214    341    341    245     83    603    282    930    174    123     53    143    238 ]
C  [   214    197    197    333    152      0    718      0    754     53     53     73    428 ]
G  [   214    197    197    245    682    397      0     70     36    771     53    711    167 ]
T  [   357    264    264    177     83      0      0      0     36     53    841     73    167 ]
>MA0513.1	SMAD2::SMAD3::SMAD4
A  [   166    196     14     33      0      0    106    211      0    765     30    117    110 ]
C  [   432     75      8     45    899      0    231    125    896     19    736    583    214 ]
G  [   168     34    877    103      0      0    539    280      3     18    133     47     35 ]
T  [   133    594      0    718      0    899     23    283      0     97      0    152    540 ]
>MA0497.1	MEF2C
A  [   705    733    431    382      0   1616   1706   2107   2131   2135     56   2177    389    975   1009 ]
C  [   321    151    196   1412    985    256     32      0      0      0     62      0    120    836    450 ]
G  [   676    573    822     78      0     74    241     87      2      4      0     32   1671    148    126 ]
T  [   507    752    760    337   1224    263    230     15     76     70   2091      0     29    250    624 ]
>MA0472.2	EGR2
A  [  1157      0    295      6     24      0   2147      0    106      4   1731 ]
C  [   679   1551      0   1558   1554   1468    110   1573      0   1585    157 ]
G  [    94     28   3731     25     15     38     26      2   4034     20    542 ]
T  [   142     73    222     29     13    277      2     23    171    115    430 ]
>MA0795.1	SMAD3
A  [   554     20    103      9      0   3491      0   3491     20   3491 ]
C  [  1829     16     29   3491     46     30     10    199   3491    434 ]
G  [    87   3491     83     11     31     22   3491      5     10    316 ]
T  [  1662     18   3491      6   3491      0      3     56     20    758 ]
>MA0508.2	PRDM1
A  [   686    662   3771      3      7     14     23      6   1760    481 ]
C  [   573   2125      2   3776      2      2      5   3777    697   2428 ]
G  [   555    310     11      1     25      6      2      2    172    282 ]
T  [  1971    688      1      5   3751   3763   3755      0   1156    594 ]
>MA0527.1	ZBTB33
A  [    82      6     28     10      0     35      2      0    461      8    416     85     19     79     90 ]
C  [   256     66    659     89    705      0    668      0     80     57     94    232    328    145    233 ]
G  [   146     32     11      5      0    667      0    705    118    450    141    136     43    109    266 ]
T  [   221    601      7    601      0      3     35      0     46    190     54    252    315    372    116 ]
>MA0758.1	E2F7
A  [   222     38      0      0      0      0      0      2      0      0    912    930    859    608 ]
C  [    72      7      3      1    960    961    965      1    986    977      0      1      2      2 ]
G  [   182     18      0      0      2     10      0    995      0     17      0      3      0      2 ]
T  [   577    891    963    957      0      0      0      0      0      1      5      6     43    292 ]
>MA0135.1	Lhx3
A  [     9     16     19      0      0     19     20      2      0     16      9      2      2 ]
C  [     0      2      0      0      0      0      0      2      1      1      0      8      9 ]
G  [     3      2      0      0      0      0      0      0      0      0      3      0      3 ]
T  [     8      0      1     20     20      1      0     16     19      3      8     10      6 ]
>MA0025.1	NFIL3
A  [     1      0     22      0      2      0     23     22      0      7      5 ]
C  [     0      0      0      8      0      0      0      0     11      5      5 ]
G  [     0      2      0      0     21      0      0      1      4      7      3 ]
T  [    22     21      1     15      0     23      0      0      8      4     10 ]
>MA0595.1	SREBF1
A  [    28      0      0     58      0      6      0      2     58      0 ]
C  [    14      0     58      0     51     38     44     45      0     26 ]
G  [    16      0      0      0      7     13      0     11      0      7 ]
T  [     0     58      0      0      0      1     14      0      0     25 ]
>MA0683.1	POU4F2
A  [  1490    110    193   1160   3079      1   2990   2621     76    304   3098   3187     19    130   3078    739 ]
C  [   479    121     34   2471      6      0      9     82     54      9     26      4     30    168    232    676 ]
G  [   771     53   3440      2      4      0     14     53     28      8    234      9     69   2193    269   2852 ]
T  [   509   2757     81      5     11   2829    258    737   2735   2669     57      0   2761   1072    236    285 ]
>MA0154.3	EBF1
A  [  1110    257     37      0      3      0    562    777     21    107      6   1544    604    250 ]
C  [   115    276    232   1544   1544   1544    391     77      6      8      0     17    586    364 ]
G  [   166    334      0      3      4      0     63    208   1544   1544   1544     84    145     81 ]
T  [   153    678   1544      1     18      6    529    482      0      0     22     24    209    849 ]
>MA1116.1	RBPJ
A  [   345    489      2     35      9      7   2369   2382    742    565 ]
C  [   842    872     12     25     20      8      0     15    655    579 ]
G  [   604    787      2   2341   2313   2309      4      1    592    711 ]
T  [   611    254   2386      1     60     78     29      4    413    547 ]
>MA0159.1	RARA::RXRA
A  [    12      0      1      0      0     22      4      5      5     13      5     17      1      0      2      1     21 ]
C  [     0      0      0      0     18      0      7      8      4      1      6      3      1      1      1     17      0 ]
G  [    11     23     13      1      3      1      5      9     11      7     12      3     20     16      3      3      1 ]
T  [     0      0      9     22      2      0      7      1      3      2      0      0      1      6     17      2      1 ]
>MA0651.1	HOXC11
A  [   683   1040     38     57    569     12   1784   2460   2460   2460    707 ]
C  [   260    479     41   2460      0      0      6      0     43    431    628 ]
G  [  1110   2460     22     12   2460      0     25      0     17    279    384 ]
T  [   406      0   2460     98      0   2460    676     42     22    776    741 ]
>MA0615.1	Gmeb1
A  [    17     34     11     13     13      5     71      0      1      0     59     40     21     44     18     27     24 ]
C  [    26     31     23     22      7      4      1     99      0     28     33     40     23     15     26     21     25 ]
G  [    35     15     35     29     40     33     28      0     99      1      4      7     37     18     23     31     27 ]
T  [    22     20     31     36     40     59      0      1      0     71      5     13     19     24     33     20     24 ]
>MA0117.2	Mafb
A  [  1237   1263   1080    744    264      2    295     31     45   2182    182    582 ]
C  [   174    121    216    398    618     14   2182     36     13     13   2182    138 ]
G  [   326    159    182    429     31   2182      5      2   2182     17    490    646 ]
T  [   446    639    704    611   2182      5      7   2182    170     13    273    816 ]
>MA0686.1	SPDEF
A  [  4628   1890     52    237      2      6   4628    532   1566     58   1911 ]
C  [   101   2737   4628   4628      2      0      0     69    601   1345    568 ]
G  [   176    536     92      1   4628   4628      6     11   4628     28   1339 ]
T  [   912     77      0      1      0      8      2   4628     66   4628    810 ]
>MA0151.1	Arid3a
A  [    27      0      1     27     27     20 ]
C  [     0      0      9      0      0      0 ]
G  [     0      0      0      0      0      1 ]
T  [     0     27     17      0      0      6 ]
>MA0073.1	RREB1
A  [     3      1      3      0      7      9      8      4      0     11      4      1      3      4      2      4      4      4      1      4 ]
C  [     8     10      8     11      4      2      3      6     11      0      7     10      8      6      9      5      5      6      7      4 ]
G  [     0      0      0      0      0      0      0      0      0      0      0      0      0      1      0      0      1      0      3      2 ]
T  [     0      0      0      0      0      0      0      1      0      0      0      0      0      0      0      2      1      1      0      1 ]
>MA0611.1	Dux
A  [   219      0    999    999      0      0    999    485 ]
C  [   312    869      0      0      0    999      0     31 ]
G  [   250      0      0      0      0      0      0    242 ]
T  [   219    131      0      0    999      0      0    242 ]
>MA0468.1	DUX4
A  [  7297  37001  38217   5228      0      0  35278  38217      0      0  33798 ]
C  [  2495      0      0  11675  16478  13951   2889      0      0  37408      0 ]
G  [   979   1216      0   2002   4981   6127      0      0      0      0      0 ]
T  [ 27446      0      0  19312  16758  18139     50      0  38217    809   4419 ]
>MA0812.1	TFAP2B(var.2)
A  [  1784     36      0      0     16    576   3480    235      6     47   1822 ]
C  [  1412    609   4549   4549   1204   2126    608      4     10   4250    371 ]
G  [   232   3940      4      1    612   1498    446   4549   4549    299   1149 ]
T  [  1121     30      0    158   2716    348     14      2      1     25   1207 ]
>MA0111.1	Spz1
A  [     9      0      2      0      1      8      6      1     10      0      2 ]
C  [     0      2      0      0      0      0      0      9      0      1      8 ]
G  [     3      9     10     11      1      0      2      2      2      9      2 ]
T  [     0      1      0      1     10      4      4      0      0      2      0 ]
>MA0793.1	POU6F2
A  [  1848    714    239     75   1192   3297      0      0   3297   1268 ]
C  [   321   1181   3297     64   2105     75      4     12     27    546 ]
G  [   582   2116    219    114     50      0      0     41     22    205 ]
T  [   546    266    257   3297     81     21   3297   3297     53   1278 ]
>MA0680.1	PAX7
A  [   679   3708   3708      6     10   1135   3708     12     21   3708 ]
C  [    68     18      3     21   2934     27      0      0     25     72 ]
G  [    98     16      0      3     24   2573     10      0      9     47 ]
T  [  3708      6      0   3708    774      0     10   3708   3708    249 ]
>MA0469.2	E2F3
A  [  1369   1917   2202   2309   2207    740     53      0      0      0      0     97   2024   1399   1093    437     74    287 ]
C  [   284     46      0      0      0      0    520      3   2490      3   2429   2411    653     30     10     24    429    712 ]
G  [   588    565     13      0     46   1453   3761   3871      0   3985      0    550      0     22     12     14    127    355 ]
T  [   399     36    234    184    466   1985    129      0      0      0      0     36    433   2424   2921   2843   2269   1504 ]
>MA0745.1	SNAI2
A  [ 37982  56979   5150 110706  16150    361     57  16003   9858 ]
C  [ 15746   4756 110706   1908   1458      0    525   5615  37564 ]
G  [ 35246  53727   2678    784 110706 110706      0 110706  25335 ]
T  [ 21733  16594   4022   3454   3864    323 110706  21327  37949 ]
>MA0621.1	mix-a
A  [   312    345    130      0   1000   1000      0      0    938    228    205 ]
C  [   229    150    146      0      0      0      0      0     21    100    205 ]
G  [   229    261     46      0      0      0      0      0     21    488    290 ]
T  [   229    244    679   1000      0      0   1000   1000     21    184    301 ]
>MA0069.1	Pax6
A  [     2      2      4     39      3      1      1     21      1      2     36     11      1      1 ]
C  [     4      2     26      2     34      0     37      2      4     14      0     11      5      0 ]
G  [     4      0      1      1      1     41      4      2      1     25      6     13      3     17 ]
T  [    33     39     12      1      5      1      1     18     37      2      1      8     34     25 ]
>MA0158.1	HOXA5
A  [     2      7      0      6     14     14      0      0 ]
C  [    13      0      7      0      0      0      0      1 ]
G  [     0      5      5      1      0      2      0      6 ]
T  [     0      4      4      9      2      0     16      9 ]
>MA0619.1	LIN54
A  [   411      0      0      0    438    999    999    104    243 ]
C  [    91      0      0    212      0      0      0    211    249 ]
G  [   212      0      0      0    562      0      0      0    159 ]
T  [   285    999    999    788      0      0      0    685    350 ]
>MA1124.1	ZNF24
A  [  2055  18028    958    432    326  22437     97    182    354  22034   1010    985   2062 ]
C  [ 17056   1816   2102    544  22137    219    887    330  22068    402   2062   2128  17701 ]
G  [  1345   1967    739    461    118    501    128    182     93    589    811   1045    856 ]
T  [  2848   1493  19505  21867    723    147  22192  22610    789    279  19421  19146   2685 ]
>MA0040.1	Foxq1
A  [     4     13      5      3      0      0      0      0     17      0      6 ]
C  [     4      1      2      0      0      0      0      0      0      1      0 ]
G  [     3      3      0      0     18      0      0      0      1      4      3 ]
T  [     7      1     11     15      0     18     18     18      0     13      9 ]
>MA0014.3	PAX5
A  [   540    625     18     18    111     94     16   1243     32     69    377    263 ]
C  [   179    148    151   1276     35     88     37     39   1305   1081    405    403 ]
G  [   578    354   1231     34   1243     30   1355     70     57    118    312    359 ]
T  [   115    285     12     84     23   1200      4     60     18    144    318    387 ]
>MA1155.1	ZSCAN4
A  [   257    290      0   1292      0   1281      3    772      7      8      3   1118   1225   1269   1000 ]
C  [   383      2   1676      0   1665      0   1702    374   1684     11     50    107    279      0    200 ]
G  [   112   1737      1      0      0      2      0    320      0     75   1873    230      0      2    365 ]
T  [  1373      0      0      2      0      2     73      8      2   1699    218    362      6      1    229 ]
>MA0109.1	HLTF
A  [    16     20     26      0     25      0     24      0     15     12 ]
C  [    10     12     33     59      0      0      5      0     14     12 ]
G  [    12      5      0      0      0      0     12     22     14     10 ]
T  [    13     16      0      0     34     59     18     37      8     15 ]
>MA0719.1	RHOXF1
A  [  3224   2837   5543  10916      0      0      0   3223 ]
C  [  2644      0      0      0      0  10916  10916   3453 ]
G  [  1855    478   5373      0   3540      0      0   2117 ]
T  [  3193  10916   1367      0   7376      0   2275   2123 ]
>MA0735.1	GLIS1
A  [  3236      3   6314      0      4      0      3      0      6   6781      0      7   5759   2846      7    857 ]
C  [  1842     44      0   4807   4769   4796   4817   4702   4505      3   4549      0      4   1340      5   3054 ]
G  [   100   8617      6      2      2     11      5      0      5    160      0  10081     32      0   9572   1344 ]
T  [   891   1016      8      0      3      0      2      7      2      6      0     51   2024   2786     24   1029 ]
>MA0498.2	MEIS1
A  [ 23727   8690      0  77159      0  77159  17224 ]
C  [ 18797   5575   1249   2903  77159      0  14864 ]
G  [  9714   3174  77159    672      0   9263  29965 ]
T  [ 24921  77159      0      0   1155   3861  15106 ]
>MA0116.1	Znf423
A  [     7      0     16     17      0      0      1     24     13      0      0      0      0      0     11 ]
C  [     4     16     17     16     33     33     17      0      0      0      0      0      0      8     22 ]
G  [    22     17      0      0      0      0      0      0     16     33     33     17     16     16      0 ]
T  [     0      0      0      0      0      0     15      9      4      0      0     16     17      9      0 ]
>MA1154.1	ZNF282
A  [    21     39     16      3      0      0      0    140     12    256    277      2    242      1     14    157     44 ]
C  [   196     21      0      2    209    208    205     99    132      3      0    210     44    210      0     40     98 ]
G  [    50      7      8      3      2      0      3      0      2     37      0      4      2      2    297     60     97 ]
T  [    45    378    387    380      0      1      2     21    126     61      2      3      7      2    129     43     51 ]
>MA0164.1	Nr2e3
A  [     4     23     23      0      0      0      0 ]
C  [    12      0      0      1     23      0      0 ]
G  [     2      0      0     22      0      0      0 ]
T  [     5      0      0      0      0     23     23 ]
>MA0485.1	Hoxc9
A  [   235    112     88    224    661      0    745    881    879     18     48    567    141 ]
C  [   110    171    605    468      3      9     84      0      6      0    715     72    329 ]
G  [   401    536     40      1    205      0     35      0      0      0      5      6    160 ]
T  [   139     66    152    192     16    876     21      4      0    867    117    240    255 ]
>MA0071.1	RORA
A  [    15      9      6     11     21      0      0      0      0     25 ]
C  [     1      1     12      2      0      0      0      0     25      0 ]
G  [     2      0      4      5      4     25     25      0      0      0 ]
T  [     7     15      3      7      0      0      0     25      0      0 ]
>MA0155.1	INSM1
A  [     1      0      0      6     16      0      0      0      0      0      3     10 ]
C  [     0      0      8     15      0      0      1      0      0      2     16      0 ]
G  [     4     20      3      0      0     24     23     24     24     16      0     12 ]
T  [    19      4     13      3      8      0      0      0      0      6      5      2 ]
>MA0115.1	NR1H2::RXRA
A  [    17     17     20      0      0      0      0     25     24     25      0      0      0      0     25     20      0 ]
C  [     5      1      0      0      0      0     25      0      0      0      0      0      0     25      0      1     15 ]
G  [     0      5      5     25     24      0      0      0      0      0     25     25      0      0      0      2      6 ]
T  [     3      2      0      0      1     25      0      0      1      0      0      0     25      0      0      2      4 ]
>MA0635.1	BARHL2
A  [  3318   3328    643  12855  12855  12855    443   1570   3606   2171 ]
C  [  3450   4078      0      0      0    116  12855      0   2190   2997 ]
G  [  4374   1756      0      0      0   1086    127  12855   4877   1276 ]
T  [  1713   3693  12855   1969      0   4032   7756   1335   2182   6411 ]
>MA1125.1	ZNF384
A  [  9460   9116   9522  13125  30354  30191  30072  30252  30202  30406  20322  18916 ]
C  [  4945   7025   3456   7691      7     35     21     13     26      6   2908   3963 ]
G  [  5650   5133   4678   4721     13     19     26     15     14      0   2767   2898 ]
T  [ 10378   9159  12777   4896     59    188    314    153    191     21   4436   4656 ]
>MA0088.2	ZNF143
A  [    87    949     21      2      0   1609      0   1295   1572      6     59      0   1503    345    102    382 ]
C  [   509      0   1590   1609   1609      0    917    143      0      0     36   1609    153   1067   1138     21 ]
G  [   153     13      1      0      0      4     61    310     67      1   1553      0      3     15     13   1518 ]
T  [  1285    652      1      0      0      3    686      0      1   1609      9      0     27   1080   1199    120 ]
>MA0696.1	ZIC1
A  [  1113  22722    836   1264   2606      0    185     22   2156     23   1215     73   3121     35 ]
C  [  3934   2660  28949  29217  25527  29399  29532  18412     45  27426   1757     24   7693    520 ]
G  [ 25702   7408     58    204    327      4     10      0  31995    439   5531  34649   1690  34431 ]
T  [  8960     23    125    281    927      7     14  10313     14   6735  27084      1  16190   2725 ]
>MA0046.2	HNF1A
A  [  5209   6981    376   2914  14149  14149   1274   3340  14149    711     42  14149  14149   1488   3972 ]
C  [  2441    415   1060   2170      3    633    423   3750      9     13    228    237    695  14149   3427 ]
G  [  3490   7168    903    544    246      8      7   4540    339    845      4   1337   1095    655   2275 ]
T  [  3009    636  14149  14149     14    364  14149   2518    651  14149  14149   1638    174    914   4475 ]
>MA0259.1	ARNT::HIF1A
A  [    27     10     78      0      0      0      0     18 ]
C  [    28     29      2    103      0      0      0     51 ]
G  [    49     34     23      0    104      0    104     20 ]
T  [     0     31      1      1      0    104      0     15 ]
>MA0138.2	REST
A  [   211     58     76   1452     34    122   1575      3     35    913    219     39     20   1406     13   1574     42    205    366    213    179 ]
C  [   174    269   1366     30     44    978      7   1586   1481    201    375      7      5    112   1280      9     13   1007     31    933   1114 ]
G  [   366    146     50     94   1516    323     12     12     20    162    124   1551   1577     34    233      7   1530    183    688    319     37 ]
T  [   840   1124    105     26     10    182     12      5     70    329    886      7      2     51     74     10      9    198    507    125    260 ]
>MA0688.1	TBX2
A  [  1258   3181    602      9      0     26    307    310   3181   2525   1477 ]
C  [   402     59    519     36    329      0    392   1289     26    491    446 ]
G  [   717    716   3181   3181     21   3181     27   3181    125    527    590 ]
T  [   804    442    353     14   3181     12   3181   1409    120    656    667 ]
>MA1151.1	RORC
A  [   306    329    855    527    225     43    623      5     36     59      6    785 ]
C  [   179    114     14     10    249     87     24      2      3    112    822     12 ]
G  [   260    141     11     32    277    116    343    919    952    168     19    161 ]
T  [   255    416    120    431    249    753     11     74      8    661    153     42 ]
>MA0777.1	MYBL2
A  [   785   1232     87    107      5      9      0   1232   1232   1232     14     57     82    228     40 ]
C  [    34    122   1232   1232      0      6      9     74     31     38   1232    418    123    466    655 ]
G  [   447    722     85    190   1232     24      0     77     16     28      6    467   1232     95     18 ]
T  [    41    464     39     30      1   1232   1232    561      4     79      4    289     95    766    577 ]
>MA0738.1	HIC2
A  [  2606      0    494     23    435   1466   2493    770    760 ]
C  [   394    117    354   4891   4891   3425    710   2200   1732 ]
G  [  2285      0   4891     14      0      0   1290   1237   1001 ]
T  [   367   4891    151      0     59      0    399    684   1398 ]
>MA0002.2	RUNX1
A  [   287    234    123     57      0     87      0     17     10    131    500 ]
C  [   496    485   1072      0     75    127      0     42    400    463    158 ]
G  [   696    467    149      7   1872     70   1987   1848    251     81    289 ]
T  [   521    814    656   1936     53   1716     13     93   1339   1325   1053 ]
>MA0766.1	GATA5
A  [  2359      0   2359      0   2359   2359    401    975 ]
C  [  1020      0      0      0    183    210    708    427 ]
G  [   166   2359      5      0     30    356    989    755 ]
T  [  1743      0      0   2359    535    352    261    202 ]
>MA0698.1	ZBTB18
A  [  3561   7064   1177   3618     21  13670      3  13670     14      3     48    210   1725 ]
C  [  4188    753   1937  13670  13670      5    245   1048     15      1    314    177   4042 ]
G  [  2499   2535   5212   1899      3     33  13670    278     94  13670     36   5530   3876 ]
T  [  3423   3319  13670     60      8    206      6    297  13670      1  13670   8140   4027 ]
>MA0679.1	ONECUT1
A  [  2949   3971   7608   7608   7608   7608      0      0   2816   7608      2   7608   4480   1438 ]
C  [  1783    788    939    487      0      1      2   7608      0      0      3    132   2837   1965 ]
G  [  1677   1707   1523    130    365      3      6      0   4792      0      0    202    792    924 ]
T  [  1200   1143   1658   1871      2      1   7608      5      2     10   7608    622   3128   3281 ]
>MA0604.1	Atf1
A  [   462     24      0   1000      0      7     90    600 ]
C  [    86     16     22      0   1000      0    198    138 ]
G  [   387      0    803      0      0    993      0    163 ]
T  [    65    960    175      0      0      0    712    100 ]
>MA1110.1	NR1H4
A  [    76     68    461    413      3     24    455     26     12     72    135 ]
C  [    83    240     10     28     15      7     22    468    476    135    131 ]
G  [   117     87     12     36      6    462     14      0      6     81    105 ]
T  [   229    110     22     28    481     12     14     11     11    217    134 ]
>MA0067.1	Pax2
A  [    10      7      3      0     26      2      2      1 ]
C  [     7      1      2     28      1     17      0     11 ]
G  [     5     21      0      1      3      1     19     11 ]
T  [     9      2     26      2      1     11     10      8 ]
>MA0646.1	GCM1
A  [  2522  21439    161   4371   1002    594      0      0    146  21439    789 ]
C  [  8553   1811    154    274  21439    255      4     18   4992   2905  13412 ]
G  [  5154   4010     96  21439    572  21439  21439  21439    147   7971   4829 ]
T  [  5210    261  21439     15    880   3815     35     10  21439   2014   2409 ]
>MA0090.2	TEAD1
A  [   218    734    212   1132      0    265     29      0    621    280 ]
C  [   454    100    920     63     10     33   1132   1132    109    346 ]
G  [   147    398     21      0      4      0      2      1    206    138 ]
T  [   314     51     18     32   1132    867     24    291    511    367 ]
>MA0131.2	HINFP
A  [    23    285    276      1      0      0      0      0      0      1     85     77 ]
C  [   340    131     45    388     14      0    404    413     31    395     55     84 ]
G  [   106    113    217     97    484      0     13      0    472     15    188    154 ]
T  [   100     53     17      7     10    470      0      3     21     12     97    107 ]
>MA0731.1	BCL6B
A  [     0      3      0      0      0      0      0      0    280      0      0    289    290      0      0    113    183 ]
C  [    19      0    367      0      0      0    384     12      0      0      0      0      0      2     16    243    146 ]
G  [     0    186      0      0      0      2      0     34      0    173    171      2      0      0      0      9      7 ]
T  [   207      1      2    212    213    212      0    214      0      0      0      0      0    215    211      0      0 ]
>MA0608.1	Creb3l2
A  [     2    250      1    996      1      1      1      1    250 ]
C  [     2    623    872      1    996      1      1    143      2 ]
G  [   745      1    126      1      1    996      1    854    250 ]
T  [   250    126      1      1      1      1    996      1    498 ]
>MA0119.1	NFIC::TLX1
A  [     0      0      0      0     14      2      2      7      4      0      0      0     16     14 ]
C  [     0      0      0     16      1      8      8      1      3      0     16     16      0      0 ]
G  [     0     16     16      0      0      5      4      5      2     16      0      0      0      1 ]
T  [    16      0      0      0      1      1      2      3      7      0      0      0      0      1 ]
>MA0089.1	MAFG::NFE2L1
A  [     7     29      0      1     34      0 ]
C  [    11      2      0      0      0     26 ]
G  [    10      3      0     32      0      2 ]
T  [     6      0     34      1      0      6 ]
>MA0724.1	VENTX
A  [ 17344   9981    562   7795  23923      0      0  23923   8820 ]
C  [   983  13942  23923   5650    203      0      0      0    706 ]
G  [  1934   6941      0  16128      0      0      0      0  15103 ]
T  [  3662   5912   3964    626     74  23923  23923      0   2189 ]
>MA0670.1	NFIA
A  [ 22969  20706      0      0      0      0  89071  89418  23752  27709 ]
C  [ 22347  14274      0      0  93597  93394      0      0  21852  14439 ]
G  [ 24321  35089      0  98253      0      0      0      0  29423  16505 ]
T  [ 22282  23019  95496      0      0      0      0      0  17410  32052 ]
>MA0139.1	CTCF
A  [    87    167    281     56      8    744     40    107    851      5    333     54     12     56    104    372     82    117    402 ]
C  [   291    145     49    800    903     13    528    433     11      0      3     12      0      8    733     13    482    322    181 ]
G  [    76    414    449     21      0     65    334     48     32    903    566    504    890    775      5    507    307     73    266 ]
T  [   459    187    134     36      2     91     11    324     18      3      9    341      8     71     67     17     37    396     59 ]
>MA0618.1	LBX1
A  [   217      0    999    999      0    143    731     29 ]
C  [   131     49      0      0    262      0      0    114 ]
G  [   174      0      0      0      0    119    268    799 ]
T  [   478    951      0      0    738    738      0     57 ]
>MA0752.1	ZNF410
A  [   661   1715      1   3985     50     69     12      0   3985      0   3987   3983      4   3930   1069    172    798 ]
C  [   700   1872   3641      2     33   3949   3986   3986      5      9      8      2      6     17   1285    818   2628 ]
G  [   950    399      0      1    124      1      0      1      1      0      0      3      0     43    619    788     93 ]
T  [  1677      2    370      4   3827      4      0      0      2   3987      0      1   3984     24   1015   2274    520 ]
>MA0606.1	NFAT5
A  [   371    176      0      0     89      0      0    831    124    268 ]
C  [   210     88      0      0     84    915    826     84    287    163 ]
G  [   210     88      0      0      0      0     85      0     41    248 ]
T  [   210    649   1000   1000    827     85     89     85    548    322 ]
>MA0463.1	Bcl6
A  [   191     35      5     30      0      0    446    142    941    642    615    101    189    369 ]
C  [   171     22     80    876    819      0     86      0      0    101      7     92    494    188 ]
G  [   245     28     30     24      0      0    404    814     11    175    213    630    116    166 ]
T  [   349    871    841     26    137    956     20      0      4     38    121    133    157    233 ]
>MA0062.2	Gabpa
A  [    32     70      0      0    991    989     94     56    154    264    233 ]
C  [   768    914      0      0      1      2     32    261    137    262    357 ]
G  [   188      4    990    991      1      0    866     37    603    415    224 ]
T  [     1      1      1      0      0      2      0    637     96     49    176 ]
>MA0676.1	Nr2e1
A  [  1118   1118   1118   1118     40      0     11   1118   1118 ]
C  [   244     89      1      0      0     58   1118      0    131 ]
G  [   191    448    101     74   1118      0     12      0    117 ]
T  [   401    369     19      5      8   1118    112      0    247 ]
>MA0516.1	SP2
A  [   160     39     52      0      0    174      0      0      0    206    115    187    226    228    203 ]
C  [   253    811   1386   1679   1643      0   1686   1656   1108   1196    971    554    717    794    745 ]
G  [  1028    257      1      7      0   1280      0      0      0      0     99    325    401    408    422 ]
T  [   245    579    247      0     43    232      0     30    578    284    501    620    342    256    316 ]
>MA1420.1	IRF5
A  [    35     10     15    223    224    225      1      0    105    224    206    223     29     22 ]
C  [   169    177      3      2      5      0    180    182     30     11      6     84    171     80 ]
G  [    22     17    357      6      4      5      0      0    365      7     25     12     25     23 ]
T  [    42     38     21      7     44      1      4     37      8      1     40     15     22    157 ]
>MA0486.2	HSF1
A  [    64     11      9      4   1455      0   1455   1455     70    490     25      6      3 ]
C  [    18      4   1455    361    424      0      8      4    713    190      5      2   1455 ]
G  [    25     17      9    238    384   1455      2      4    159    592      0      4      3 ]
T  [  1455   1455      5   1455      3      0      7     27    515    183   1455   1455      4 ]
>MA0041.1	Foxd3
A  [    11     30     24      1     12      0      1      5     14      6      1      0 ]
C  [     3      2      1      4      0      0      0      0      0      7      2     12 ]
G  [    26      0      0      0     34      0      0     10     21      0      4      0 ]
T  [     7     15     22     42      1     47     46     32     12     34     40     35 ]
>MA0602.1	Arid5a
A  [    18     16     85     96      6     93      2      4     23     34     29     57     29     34 ]
C  [    43     32      3      0      0      1      1      9      3     35     13      8     18     23 ]
G  [    23      3      7      1      1      1      1      4     52     18     27     19     26     15 ]
T  [    17     48      5      2     93      6     96     83     22     12     31     16     27     27 ]
>MA0694.1	ZBTB7B
A  [   533    144    394   1852      5      0   1852      5      0    803   1852    996 ]
C  [   159   1852     19    238   1852   1852    820   1852   1852    474    295    309 ]
G  [   795    224   1852      0      1      2      2      0      0   1852    221    245 ]
T  [   365     54     78      3      0      0      3      1      7    305    365    302 ]
>MA0029.1	Mecom
A  [    14     20      0     27      1     27     26      0     27      0     24     23      6     15 ]
C  [     2      1      1      0     10      0      0      0      0      3      1      0      7      6 ]
G  [     6      2     25      0      0      0      1     27      0      0      0      4      7      3 ]
T  [     5      4      1      0     16      0      0      0      0     24      2      0      7      3 ]
>MA0794.1	PROX1
A  [   174   3367   3367     63   3367     31     15     11      3      4     17   2133 ]
C  [  1503     17    229      0     21   3367      2   1692   3367      3    171    553 ]
G  [   543     94     48   3367     84      0   3367      8     12    128     39    607 ]
T  [  1147     46    420      1      2     36    299   1675     18   3367   3367     74 ]
>MA0482.1	Gata4
A  [    10      0      0      0   2707      0      0    547      0    601    386 ]
C  [  1039   2165     89      0     39      0   2746      0   1240   1004    929 ]
G  [   374    306      0      0      0      0      0      0    940    157    682 ]
T  [  1323    275   2657   2746      0   2746      0   2199    566    984    749 ]
>MA0637.1	CENPB
A  [   685    100      2    173     12   2209    297   1706   1293   2168   3686    284    872   5580   5580 ]
C  [  5580   5580   5580    186   5580    629    433   1638   1767    822    694   5580     85    582    286 ]
G  [     3      4      1   5580   1423   1147      0   1157   1479    760   1893     11   5580     61     59 ]
T  [   734    144     14    210   2557   1595   5580   1079   1041   1830    597    100      0   1903    201 ]
>MA0675.1	NKX6-2
A  [  3761   1172  11354  18935    584   2468  18935   9971 ]
C  [  6072   7831   7581    310      0   2233    370   3457 ]
G  [  5228    814   1053    191      0    551    775   1660 ]
T  [  3874  11104   2582    546  18935  18935    678   3846 ]
>MA0019.1	Ddit3::Cebpa
A  [    14     11     18      0      0      4     38     36      0     14      4      0 ]
C  [     7      7      3      1      0     33      1      2      6     17     23     26 ]
G  [    12     14     15      0     38      0      0      1      0      5      9      6 ]
T  [     6      7      3     38      1      2      0      0     33      3      3      7 ]
>MA1153.1	Smad4
A  [    88      0      0      0      0    596      0    493 ]
C  [   250      0      0   1000      0      0      0    272 ]
G  [    81   1000      0      0      0    404   1000    125 ]
T  [   581      0   1000      0   1000      0      0    110 ]
>MA0506.1	NRF1
A  [   602    623    196      0   1514      0      0      0      0     74   2245 ]
C  [   375   4001    189   4016   1862    403      0   4338    349   4550    804 ]
G  [  3647      0   4239    468    935    528   4624      0   4275      0   1575 ]
T  [     0      0      0    140    313   3693      0    286      0      0      0 ]
>MA0629.1	Rhox11
A  [    54     33     17     30     13      3      9      1      4      1     56     78     52     31     24     31     41 ]
C  [    13     28     11     28     56      1     76      0      0      1      0      4     10     11     36     16     13 ]
G  [    15     23     38     23      6     95     15      1     94      0      0      3      1     33     28     43     10 ]
T  [    18     17     33     19     25      1      0     99      2     99     43     15     36     24     12     10     35 ]
>MA0748.1	YY2
A  [   137    198     53      9     20     12      0    559      9     70    338 ]
C  [    90     71    559    559     36    559    559      7      0     84     32 ]
G  [   239     90     41     21    559      1      0      9      0     68    114 ]
T  [    93    200    181     14     17      0      5     23    559    338    221 ]
>MA0480.1	Foxo1
A  [   468    127     87      0      0      0      0      0   1871      0   1072 ]
C  [   277   1279   1406      0      0      0      0      0    157   2007    573 ]
G  [   478    752    209      0   2490      0      0    287      0      0     71 ]
T  [  1267    332    788   2490      0   2490   2490   2203    462    483    774 ]
>MA0070.1	PBX1
A  [     5      3     16      1      0     17     17      0      0     16     12      8 ]
C  [     6      9      1      1     18      1      0      0     18      1      0      2 ]
G  [     2      3      1      0      0      0      0      1      0      0      1      2 ]
T  [     5      3      0     16      0      0      1     17      0      1      5      6 ]
>MA0895.1	HMBOX1
A  [   487    122     75   1231      2     26    237   1231    753    202 ]
C  [   449    683     25      0     51      1     50      4    478    542 ]
G  [   194    186     63    367   1231      5      8     17    130    370 ]
T  [   101    547   1231     44      5   1231   1231    102    140    117 ]
>MA1117.1	RELB
A  [   796   1231   2833    210     90    144     92    146     79    796    711 ]
C  [   414    561    127    107    103   2928   3098   3013   3035    628    921 ]
G  [  1575    794    157    159     53     40     28     58    107    984    996 ]
T  [   505    704    173   2814   3044    178     72     73     69    882    662 ]
>MA0102.3	CEBPA
A  [ 10351      0      0    705      0  11956   2660  12226  15318      0   5804 ]
C  [  1332      0      0      0  15318   1274   7654   3092      0   5688   4963 ]
G  [  3635      0      0  11304      0   1066      0      0      0   1804    890 ]
T  [     0  15318  15318   3309      0   1022   5004      0      0   7826   3661 ]
>MA0074.1	RXRA::VDR
A  [     3      0      0      0      0      9      4      2      2      5      0      0      1      0      7 ]
C  [     0      0      0      0      9      0      2      4      0      0      0      0      0      9      1 ]
G  [     7     10      9      0      0      1      0      2      8      5     10      0      0      0      2 ]
T  [     0      0      1     10      1      0      4      2      0      0      0     10      9      1      0 ]
>MA0471.1	E2F6
A  [   812    442      0    672      7      0     20   2757   1686    988    771 ]
C  [    80    406      0   1954      0      0     29      0      0    454    706 ]
G  [  1406   1909   2757      0   2750   2757   2708      0   1071   1135    909 ]
T  [   459      0      0    131      0      0      0      0      0    180    371 ]
>MA0528.1	ZNF263
A  [  2366   4596  11118    453   1011  13919   1569   1552   8113   5132   3096   6598   4175   4106   7943   3823   3132   8305   5226   4067   7264 ]
C  [   293      0      0      0   1738    551    844   1427    968   1543   1069    590    620   1618    950      1      0      0    219    650    907 ]
G  [ 11078  10639   2802  13819  12444     43  11252  11451   5513   7042   9471   6730   8903   9042   4780   9659  11444   5892   8923   9819   6141 ]
T  [  1498      0   1315    963     42    722   1570    805    641   1518   1599   1317   1537    469   1562   1752    659   1038    867    699    923 ]
>MA0753.1	ZNF740
A  [   589    196    146     21     20      8     53    108   2151    433 ]
C  [   995   2151   2151   2151   2151   2151   2151   2151    587   2151 ]
G  [   382     27      7      8     12     21     38     23    114    184 ]
T  [   185    145     49     34     33     30     23    104    310    708 ]
>MA0525.2	TP63
A  [  1586   2261      0   2246    692      0     14     97    649    112    993   2192      0   2151     75      0     49    701 ]
C  [    26      1   2533      0     33      0     85   1025    478    681      1      0   2788      0    617      0    202   2099 ]
G  [   997    185      0     76      0   4021      0     26   2070   1656   2132     48      0      1      8   3532      1    198 ]
T  [   115     21      0      4   2353      0   3025   1961     13    829     47     45      0    192   2823      0   3126    606 ]
>MA0631.1	Six3
A  [    33     72     23     47      7      2     16      0     97      0      1     92     19     25     40     34      8 ]
C  [     9      8      5     10      7      2      1      0      0      0     97      3     45     23      8     22     11 ]
G  [    36      8     17     32     82     90     83      4      3      0      0      3      9     20     11     18     24 ]
T  [    21     12     55     10      4      7      0     95      0     99      1      2     27     32     40     27     58 ]
>MA0479.1	FOXH1
A  [   939   1578    973   8211   7547      0   2374   1414   8211      0   7138 ]
C  [  2840   2333   3261      0      0      0   5773   6797      0   8211      0 ]
G  [  1490   2137   3156      0    229      0      0      0      0      0      0 ]
T  [  2942   2163    821      0    435   8211     64      0      0      0   1073 ]
>MA0597.1	THAP1
A  [    18     15     20      7      3     58     47     30    116 ]
C  [    93     47      0    182    195    136     17     71     34 ]
G  [    27     12    137      0      0      1     77     41     17 ]
T  [    61    125     42     10      1      4     58     57     32 ]
>MA1112.1	NR4A1
A  [  2464   5681   8205   8147     22     34     17     45   6397   2019 ]
C  [  1742    440     12    163    189     17     28   8319    418   2335 ]
G  [  1789   1245     72     15   8009   8314     21      0    861   2012 ]
T  [  2386   1015     92     56    161     16   8315     17    705   2015 ]
>MA0130.1	ZNF354C
A  [     7      3      0      0     16      0 ]
C  [     6      2     16     16      0     15 ]
G  [     3      0      0      0      0      1 ]
T  [     0     11      0      0      0      0 ]
>MA0607.1	Bhlha15
A  [   143      0    999      0    799      0      0      1 ]
C  [   571    999      0      0    200      0      0    231 ]
G  [   286      0      0    200      0      0    999    154 ]
T  [     1      0      0    799      0    999      0    614 ]
>MA0500.1	Myog
A  [  7838  11572      0  19356      0     67      0      0   2832   5343   4069 ]
C  [  2870    331  19356      0      0  16261      0      0   8524   3764   4770 ]
G  [  8648   7453      0      0  19356   3028      0  19356   5881   5168   7519 ]
T  [     0      0      0      0      0      0  19356      0   2119   5081   2998 ]
>MA0083.3	SRF
A  [   214     75    627      0      3   1137     54   1163      1   1162    439      8      8    262    337    913 ]
C  [   125    152    611   1771   1787     13      0      0      5      0     12      9      2    105   1023     63 ]
G  [    80   1144    144     15     11     18      6      2      8      0      0   1896   1872    670    145     98 ]
T  [  1129    372    167      0     19     61   1571      0   1610     16   1074      0      7    686     72    248 ]
>MA0866.1	SOX21
A  [ 15806  15806     15  15806  15806      6    348   1909    128  15806     64     84     10     33    279 ]
C  [    83    250  15806      7     13      3     15   1271   7221     20      9     15      4     17    790 ]
G  [   199   2008     28     22     56     30   9624   7901     73     40  10733     77  15806     37    484 ]
T  [   106    232     24      1      0  15806   5819   4725   8384      1   5073  15806      8  15806  15806 ]
>MA0009.2	T
A  [    52   2241   3816      0   4107    218   2277    629   4161   1066    665      0     12    504    373   4171 ]
C  [   156   4778     55   5262      0   5104   4418    611    121   2004    135    190      0   2352   1237     12 ]
G  [    22   1321   1415      0    141    111   1667    214    491   5819   7304     13   7628     69   7058    111 ]
T  [  6886    254    217      2      0    400    809   6551    417   2921    366   6777      0   5975   1657     17 ]
>MA0623.1	Neurog1
A  [   425    170    271    665      1    794     76     12     39     92 ]
C  [   113    592    688     35     64    141    151      1    151    270 ]
G  [   235    171     27    187    143     56     11    870    422    235 ]
T  [   226     67     14    113    791      9    763    118    389    403 ]
>MA0601.1	Arid3b
A  [   468    273    609    104      0   1000    911     89    262    490    351 ]
C  [   177     80    119      0      0      0      0      0    168    170    216 ]
G  [   177     80     34      0      0      0      0      0     73    170    216 ]
T  [   177    566    238    895   1000      0     89    911    498    170    216 ]
>MA0056.1	MZF1
A  [     3      0      2      0      0     18 ]
C  [     5      0      0      0      0      0 ]
G  [     4     19     18     19     20      2 ]
T  [     8      1      0      1      0      0 ]
>MA0511.2	RUNX2
A  [  3872   6621   6621      0      0   1914      0   6621   4202 ]
C  [  1092    556    325   6621   6621     36   6621    476    677 ]
G  [   326   1215      0      0      0   4707      0    458   1134 ]
T  [  2748    582      0      0      0    120      0    191    607 ]
>MA0038.1	Gfi1
A  [     9     28     53     53      1      1     31      8     19      7 ]
C  [    20     16      0      0      0     52      7     28     11     13 ]
G  [     9      7      0      0      1      0      2     11      2     28 ]
T  [    15      2      0      0     51      0     13      6     21      5 ]
>MA0007.3	Ar
A  [  1094    939      8   1197   2167      4   1997    199    561    755     33      0     22   1195      7     32    430 ]
C  [   167     17      0    291      5   2189     20   1228    611    250    277      4      4    112   2166   1542   1092 ]
G  [  1555   2221   3837    184      3      5    273    328    991   1673      8   3618      0    230      0      2    343 ]
T  [   286     19      6   1027      3      2     11    712    509    207   2529      1   2768   1094      8    829    913 ]
>MA0774.1	MEIS2
A  [   408     31      0   1351      9   1351     83    157 ]
C  [   264      3      0      3   1351      7     98    701 ]
G  [   314     40   1351     25      0      4   1351    650 ]
T  [  1351   1351      0     62      5      0     67     88 ]
>MA0093.2	USF1
A  [  4846   1472     43  16573    188   1605      0      0  14762      0   1821 ]
C  [  3764   7448  16799      0  10279    595      0      0      0  13166   9926 ]
G  [  7162   2983      0      0    932  14642      0  16842   1375      0   1113 ]
T  [  1070   4939      0    269   5443      0  16842      0    705   3676   3982 ]
>MA0810.1	TFAP2A(var.2)
A  [   678    838     15      0     10    197   1324   1697    191      5    101   1922 ]
C  [  1183   1906   4006   4006   2812   1653   1439    407     34    788   4006    434 ]
G  [   173   4006    229     10    221    831   1054   1873   4006   4006    468    979 ]
T  [  1971    147      0     33    963   1324    189     28      0     10    226    671 ]
>MA0491.1	JUND
A  [ 12389  15163      0      0  38710      0      0   1547  38710      0   5786 ]
C  [   759   4824      0      0      0  22857      0  37163      0   5136  14956 ]
G  [ 13640  18723      0  38710      0  14078      0      0      0   2301  12429 ]
T  [ 11922      0  38710      0      0   1775  38710      0      0  31273   5539 ]
>MA0493.1	Klf1
A  [   150    167     67     13    404      0    400      0      0      0    280 ]
C  [    76     40    396    461    118    526      0    526    526    508     35 ]
G  [   202    305     32      0      0      0     97      0      0      0      0 ]
T  [    98     14     31     52      4      0     29      0      0     18    211 ]
>MA0610.1	DMRT3
A  [   453    539    106      0      0    999    202      0    618    509    228 ]
C  [   240    123     22      0      0      0      0    999    188    127    228 ]
G  [   154    123     22    999      0      0    104      0     97    127    228 ]
T  [   154    216    851      0    999      0    694      0     97    236    315 ]
>MA0847.1	FOXD2
A  [   605    261   1866   1866   1866      0   1866 ]
C  [    53    384    281     59      0   1361      0 ]
G  [  1261      0      0     20      0     28    223 ]
T  [    30   1866    120     32     35    505    176 ]
>MA0507.1	POU2F2
A  [   415    530    605   2016      0    256      0    158      0   2257      0   1159    594 ]
C  [   635    266    825     19      0      2      0      0   2271     30      2     39    361 ]
G  [   402    593    415      1      0      0      0   1997      0      0      0    613    107 ]
T  [   835    898    442    251   2287   2029   2287    132     16      0   2285    476   1225 ]
>MA0030.1	FOXF2
A  [     1     10     17     13      3      7      0     27     27     27      0     27     16      7 ]
C  [    10      7      4      5     11      0      0      0      0      0     25      0      4      4 ]
G  [     7      5      2      5      8     20      0      0      0      0      0      0      2      6 ]
T  [     9      5      4      5      0      0     27      0      0      0      2      0      5     10 ]
